8.154667454933920423e-01 5.659890628619845820e-01 -9.638838662540051561e-02 5.659890628619845820e-01 9.360428239865572486e-01 7.137303055965809051e-01 -9.638838662540051561e-02 7.137303055965809051e-01 1.013850800777271965e+00
4.129057318506202945e-01 2.722549203495226444e-01 -7.412627328484598654e-02 2.722549203495226444e-01 5.734704646092939617e-01 5.242882363379547384e-01 -7.412627328484598654e-02 5.242882363379547384e-01 7.284745872430593572e-01
-1.145233527960185238e-01 -2.848528377160873537e-02 3.969936400878842919e-02 -2.848528377160873537e-02 4.461885971564773234e-02 1.195670961704778518e-01 3.969936400878842919e-02 1.195670961704778518e-01 8.724738367165220387e-02
-3.477428052343408682e-01 -1.228630916334511880e-01 1.289672481981016805e-01 -1.228630916334511880e-01 -2.355973265376610504e-01 -1.556208452779503648e-01 1.289672481981016805e-01 -1.556208452779503648e-01 -3.466061573751781921e-01
-1.362983994446013425e-01 9.259100545257385392e-03 1.028201322013585634e-01 9.259100545257385392e-03 -1.242141690637001000e-01 -1.318621451729787009e-01 1.028201322013585634e-01 -1.318621451729787009e-01 -2.878737286507753179e-01
3.652593087574415032e-01 2.572301099109285394e-01 -1.854573680873623787e-02 2.572301099109285394e-01 3.024848283861840126e-01 1.914976363931642778e-01 -1.854573680873623787e-02 1.914976363931642778e-01 2.245691098206284153e-01
7.579671548299203865e-01 4.071530465477658511e-01 -1.499604312844410314e-01 4.071530465477658511e-01 7.232316014558135553e-01 5.899146176837308797e-01 -1.499604312844410314e-01 5.899146176837308797e-01 8.214645599208070248e-01
7.197843513524633252e-01 3.253632385712301178e-01 -2.024026705007784255e-01 3.253632385712301178e-01 7.128978876026091926e-01 6.425938025884158078e-01 -2.024026705007784255e-01 6.425938025884158078e-01 9.138578724974711909e-01
3.211912009331138185e-01 1.149858427396903138e-01 -1.335028349170313544e-01 1.149858427396903138e-01 2.564747635036215834e-01 2.520767601483042131e-01 -1.335028349170313544e-01 2.520767601483042131e-01 3.753893954965504265e-01
-1.090010313512618373e-01 -5.715017983206619606e-02 -1.211568528774066046e-02 -5.715017983206619606e-02 -2.210667423362872031e-01 -1.900965217040249677e-01 -1.211568528774066046e-02 -1.900965217040249677e-01 -2.476562775949396888e-01
-2.682929014931342837e-01 -9.980890238296873107e-02 5.046708438153217624e-02 -9.980890238296873107e-02 -3.809956714791298271e-01 -3.468407524981774737e-01 5.046708438153217624e-02 -3.468407524981774737e-01 -4.746096184876503199e-01
8.234746609206002876e-01 8.783317409387075836e-01 4.308427900780882891e-01 8.783317409387075836e-01 2.449696658375075109e-01 -9.228399011095044235e-01 4.308427900780882891e-01 -9.228399011095044235e-01 -2.765107245029296834e+00
2.312384232932169215e-01 3.295974661488552115e-01 2.629009660532043435e-01 3.295974661488552115e-01 -4.305495087814223409e-02 -5.814967566970929980e-01 2.629009660532043435e-01 -5.814967566970929980e-01 -1.699199671935400113e+00
-4.599222007380464050e-01 -4.722801086781118207e-01 -3.028419093297159970e-01 -4.722801086781118207e-01 -1.737113373571478880e-01 4.472833542019210018e-01 -3.028419093297159970e-01 4.472833542019210018e-01 1.379809134803983151e+00
-4.577955290173102432e-01 -6.908305579596092372e-01 -7.569661905096862764e-01 -6.908305579596092372e-01 1.633305770844099003e-01 1.440223120893126874e+00 -7.569661905096862764e-01 1.440223120893126874e+00 4.044392807649042076e+00
4.801700088453482174e-01 2.993186205767933150e-01 -1.533280450635729208e-01 2.993186205767933150e-01 5.499089776851321387e-01 7.082119595845847160e-01 -1.533280450635729208e-01 7.082119595845847160e-01 1.597369370174269720e+00
1.532965323773226807e+00 1.356746422348610315e+00 4.521132971028494762e-01 1.356746422348610315e+00 7.660283722353361524e-01 -3.552501384508308657e-01 4.521132971028494762e-01 -3.552501384508308657e-01 -1.353268734203783907e+00
8.949408620653911406e-01 9.493346115026487508e-01 5.665737036851019592e-01 9.493346115026487508e-01 2.395637396165478383e-01 -7.710501486667159510e-01 5.665737036851019592e-01 -7.710501486667159510e-01 -2.266610083758342942e+00
-5.611572167148449752e-01 -2.013804909910354712e-01 3.073883718732869363e-01 -2.013804909910354712e-01 -4.359287615054301401e-01 -5.110768896417274831e-01 3.073883718732869363e-01 -5.110768896417274831e-01 -1.391042652635972710e+00
-1.234381275582306703e+00 -9.954887183176872600e-01 -3.357241015385438176e-01 -9.954887183176872600e-01 -5.127457927084098088e-01 3.477363789859984622e-01 -3.357241015385438176e-01 3.477363789859984622e-01 1.033445622496902860e+00
-7.945098736559013108e-01 -9.179455671218084145e-01 -7.495151701060740468e-01 -9.179455671218084145e-01 3.770006673450597423e-02 1.221306445483407943e+00 -7.495151701060740468e-01 1.221306445483407943e+00 3.086837753104960225e+00
8.346703983630524570e-01 5.087868945087269390e-01 -9.593718540795581617e-02 5.087868945087269390e-01 7.542303094196948221e-01 8.011342674898737082e-01 -9.593718540795581617e-02 8.011342674898737082e-01 1.504828543416492970e+00
9.352405691136572718e-01 1.847562037289773584e-01 -3.525070697099311201e-01 1.847562037289773584e-01 1.551827409240174038e+00 1.082102339773820754e+00 -3.525070697099311201e-01 1.082102339773820754e+00 9.553372709110737881e-01
5.008540078594647671e-01 1.204103933855160957e-01 -1.727484002415205777e-01 1.204103933855160957e-01 9.081686720155092152e-01 6.310671460408996403e-01 -1.727484002415205777e-01 6.310671460408996403e-01 5.221515036968560342e-01
-1.326766416250309000e-01 1.306725091444407849e-01 1.418198609085976336e-01 1.306725091444407849e-01 -4.866916432445837770e-02 -7.781035611571601729e-02 1.418198609085976336e-01 -7.781035611571601729e-02 -1.508206099407590206e-01
-4.801967862416285371e-01 1.203783771054739299e-01 2.914503582106235946e-01 1.203783771054739299e-01 -5.488029822686373294e-01 -4.341858230662086759e-01 2.914503582106235946e-01 -4.341858230662086759e-01 -4.751357733467768130e-01
-3.068382505487570744e-01 8.520262304527481678e-02 1.820820504284287322e-01 8.520262304527481678e-02 -3.677464672451987160e-01 -2.835126497350418662e-01 1.820820504284287322e-01 -2.835126497350418662e-01 -3.116670751061904610e-01
2.739887285785919668e-01 3.319853704804886368e-02 -1.087880093371618034e-01 3.319853704804886368e-02 4.258306498497761994e-01 3.088644633223061597e-01 -1.087880093371618034e-01 3.088644633223061597e-01 2.393361692397794893e-01
8.612364389262643360e-01 4.970647786187664535e-02 -3.345204204407980497e-01 4.970647786187664535e-02 1.284032558799765855e+00 9.068540980489074865e-01 -3.345204204407980497e-01 9.068540980489074865e-01 7.505309071385988240e-01
1.011734325949908309e+00 2.263444455736869365e-01 -2.555303454929380158e-01 2.263444455736869365e-01 1.253162381268889680e+00 8.072423405373538863e-01 -2.555303454929380158e-01 8.072423405373538863e-01 6.376588291427793820e-01
5.656927135954228358e-01 3.000467706372207388e-01 -1.966384481158134356e-02 3.000467706372207388e-01 3.380927076764831396e-01 1.391347494152306574e-01 -1.966384481158134356e-02 1.391347494152306574e-01 7.574346759985384203e-02
-1.437261678685238797e-01 1.198138984475065061e-01 1.222207775035578786e-01 1.198138984475065061e-01 -5.424689463271069600e-01 -3.992340003088615252e-01 1.222207775035578786e-01 -3.992340003088615252e-01 -3.470644891853978398e-01
-5.494084508341910977e-01 -1.240689091794859172e-01 9.595419537859306569e-02 -1.240689091794859172e-01 -8.029153118003152789e-01 -4.869586763015130160e-01 9.595419537859306569e-02 -4.869586763015130160e-01 -3.938653072256881882e-01
9.873047821757451326e-01 7.269516796967826489e-01 -4.283097087387879864e-02 7.269516796967826489e-01 -1.623486959109579297e+00 -3.000176900662105073e+00 -4.283097087387879864e-02 -3.000176900662105073e+00 -4.191246666986521596e+00
1.703625741586582421e-01 5.426570844635801583e-02 -1.273902499858559079e-01 5.426570844635801583e-02 -1.833363541802675911e+00 -2.553046112600530382e+00 -1.273902499858559079e-01 -2.553046112600530382e+00 -3.428778709739065178e+00
-8.770882557165113891e-01 -1.044696110855643623e+00 -5.987561802814762579e-01 -1.044696110855643623e+00 -1.243632722287270287e+00 -6.395968396571453107e-01 -5.987561802814762579e-01 -6.395968396571453107e-01 -3.179953962773305887e-01
-9.463220440705332193e-01 -1.847055889083442759e+00 -1.612781366231563096e+00 -1.847055889083442759e+00 1.052017345130619619e+00 3.161706801980978643e+00 -1.612781366231563096e+00 3.161706801980978643e+00 5.689772704924079605e+00
7.274621876747939808e-01 1.039210950751952578e-01 -5.425186660114333925e-01 1.039210950751952578e-01 1.399907505292644627e+00 1.774051562702995799e+00 -5.425186660114333925e-01 1.774051562702995799e+00 2.773559306159234517e+00
3.111667862969140774e+00 2.676023857212506574e+00 7.397869064747426560e-01 2.676023857212506574e+00 1.164770595681160925e+00 -7.697162570248869962e-01 7.397869064747426560e-01 -7.697162570248869962e-01 -1.660530649979004458e+00
1.018206819838373134e+00 1.756261706286097679e+00 1.357292823612302080e+00 1.756261706286097679e+00 1.337081205402994907e-03 -1.438977296785808102e+00 1.357292823612302080e+00 -1.438977296785808102e+00 -3.005391645567681014e+00
-1.852736361701268875e+00 2.004743000434802414e-01 1.746627556709671181e+00 2.004743000434802414e-01 -6.527927683789686020e-01 -9.564933664763916044e-01 1.746627556709671181e+00 -9.564933664763916044e-01 -2.672940134389065747e+00
-2.618175076025540449e+00 -8.160500967531060246e-01 1.055266361648254714e+00 -8.160500967531060246e-01 -3.269453313819679074e-01 2.780421344677332929e-01 1.055266361648254714e+00 2.780421344677332929e-01 -5.296191495581804576e-01
-1.389021154191828256e+00 -1.575397881110225162e+00 -8.858456948255450936e-01 -1.575397881110225162e+00 1.233192156051554189e+00 2.789617203514023647e+00 -8.858456948255450936e-01 2.789617203514023647e+00 4.111065068334784023e+00
8.605644678478292509e-01 -8.924929272371354139e-02 -7.889226086079337286e-01 -8.924929272371354139e-02 2.474670343243044357e+00 3.114261526014009185e+00 -7.889226086079337286e-01 3.114261526014009185e+00 4.359664526586336741e+00
8.357795389605542358e-01 5.046641228167045856e-01 -2.222038436673271500e-01 5.046641228167045856e-01 -1.791408506472946527e-01 -8.168167029544763924e-01 -2.222038436673271500e-01 -8.168167029544763924e-01 -1.034931137856034633e+00
2.825798033074908844e-01 3.709937603666145500e-02 -2.925486684242780688e-01 3.709937603666145500e-02 -3.268258007054118952e-01 -4.945513841097140539e-01 -2.925486684242780688e-01 -4.945513841097140539e-01 -4.552238364257146785e-01
-3.709426357550531517e-01 -5.294207435978687259e-01 -4.248701196235340483e-01 -5.294207435978687259e-01 -2.698385861125522367e-01 2.074046969508517857e-01 -4.248701196235340483e-01 2.074046969508517857e-01 7.334884187093655417e-01
-4.320735664055008751e-01 -5.559269156294383007e-01 -4.006874418552311967e-01 -5.559269156294383007e-01 -9.178218390394175677e-04 6.145487339815953742e-01 -4.006874418552311967e-01 6.145487339815953742e-01 1.283228147776517947e+00
2.106093992791552572e-01 1.188565410409306994e-01 -7.165556021474828174e-02 1.188565410409306994e-01 2.897732600995190366e-01 3.388010496908960834e-01 -7.165556021474828174e-02 3.388010496908960834e-01 5.285786216654460024e-01
1.009119070457827450e+00 9.096110926850432543e-01 2.834280582177798324e-01 9.096110926850432543e-01 5.546885950060282955e-01 -5.473625645438571358e-02 2.834280582177798324e-01 -5.473625645438571358e-02 -3.840939414377298466e-01
9.220571039459780627e-01 9.623061194645274874e-01 4.509812725428890556e-01 9.623061194645274874e-01 5.826760514456409412e-01 -5.072609099267434696e-02 4.509812725428890556e-01 -5.072609099267434696e-02 -5.271064333845486560e-01
5.426633222418279084e-02 3.419018301963631101e-01 3.925657763431942837e-01 3.419018301963631101e-01 4.920738916200255164e-01 4.062261951818142980e-01 3.925657763431942837e-01 4.062261951818142980e-01 1.719854184387513696e-01
-5.423763527273695040e-01 -2.215140956510672499e-01 1.486492500868022704e-01 -2.215140956510672499e-01 5.489860703699958044e-01 9.855448860544891998e-01 1.486492500868022704e-01 9.855448860544891998e-01 1.184423961072553322e+00
-4.083587464773248410e-01 -2.019610771546511419e-01 5.031198115377685798e-02 -2.019610771546511419e-01 6.638871185383735662e-01 1.108251952432415921e+00 5.031198115377685798e-02 1.108251952432415921e+00 1.421785123548884089e+00
3.990876047863390341e-01 4.357636749510405139e-01 2.169674202187615586e-01 4.357636749510405139e-01 6.820192944752883069e-01 5.789499754838153267e-01 2.169674202187615586e-01 5.789499754838153267e-01 5.583395586571540115e-01
4.920556167231025846e+00 -1.086106005499583471e+00 -1.060224246051600794e+01 -1.086106005499583471e+00 2.306800531197014781e+00 6.796682522380711688e+00 -1.060224246051600794e+01 6.796682522380711688e+00 3.220795269471032185e+01
-1.459920552715273434e+00 3.613715407613724562e-01 3.087987578479157502e+00 3.613715407613724562e-01 4.591168705091606128e-01 4.368900267357187506e-01 3.087987578479157502e+00 4.368900267357187506e-01 -4.135321928205661912e+00
-2.804443160965277571e+00 -3.663430601833029820e-01 3.684194617774683600e+00 -3.663430601833029820e-01 -4.173438046206547902e-01 -2.473195685378287156e-01 3.684194617774683600e+00 -2.473195685378287156e-01 -6.478530496436238906e+00
-2.486743788248482634e+00 -3.634620628130093012e-01 3.141435829600383034e+00 -3.634620628130093012e-01 -5.015845588802904098e-01 -4.314535802537777798e-01 3.141435829600383034e+00 -4.314535802537777798e-01 -5.945465412931781657e+00
-5.764770688723661607e-01 4.445374487881272318e-01 1.796650723950848016e+00 4.445374487881272318e-01 -7.513821280109125866e-02 -8.102412521195425654e-01 1.796650723950848016e+00 -8.102412521195425654e-01 -4.579723830938390527e+00
3.408482904044249473e+00 2.237254919639065864e+00 -5.463866612289124403e-01 2.237254919639065864e+00 8.502999095078443981e-01 -1.589582899209769584e+00 -5.463866612289124403e-01 -1.589582899209769584e+00 -2.569259640240664666e+00
2.302051130081148866e-01 1.681900131162634426e-01 -3.863624303993842823e-02 1.681900131162634426e-01 2.552762443849037610e-01 2.069296328444107658e-01 -3.863624303993842823e-02 2.069296328444107658e-01 2.834767228544372020e-01
9.496126070867824676e-02 4.980183922308012434e-02 -5.733949763758259405e-02 4.980183922308012434e-02 1.777187588577874844e-01 2.203743618320462005e-01 -5.733949763758259405e-02 2.203743618320462005e-01 3.145678766041489216e-01
8.773495645623180517e-02 4.949223157713834170e-02 -4.787105924902732013e-02 4.949223157713834170e-02 1.747713847279516175e-01 2.146953579256807298e-01 -4.787105924902732013e-02 2.146953579256807298e-01 2.929563178574692839e-01
2.179210467700511411e-01 1.659148403508569625e-01 -1.413508508508077265e-02 1.659148403508569625e-01 2.487045036681735100e-01 2.015350079584042609e-01 -1.413508508508077265e-02 2.015350079584042609e-01 2.406344171000660837e-01
3.668616443944987537e-01 2.842358648055914871e-01 9.808667037617549780e-03 2.842358648055914871e-01 3.376959117478743333e-01 2.105092674976408729e-01 9.808667037617549780e-03 2.105092674976408729e-01 2.274518531078972561e-01
3.888641329898797072e-01 2.811906789291082620e-01 -5.102487801890744946e-03 2.811906789291082620e-01 3.646617710706844817e-01 2.492192584886462059e-01 -5.102487801890744946e-03 2.492192584886462059e-01 2.853739089439449317e-01
2.701340108882402946e-01 1.616510373765975284e-01 -4.743560808114125060e-02 1.616510373765975284e-01 3.112975213855406209e-01 2.830538728031984919e-01 -4.743560808114125060e-02 2.830538728031984919e-01 3.575888078274723214e-01
1.394711309335478489e-01 5.251709047631634292e-02 -7.119155984035734075e-02 5.251709047631634292e-02 2.273241686715738730e-01 2.661139147412554529e-01 -7.119155984035734075e-02 2.661139147412554529e-01 3.501055311196207831e-01
1.197392224901282221e-01 5.482930337761239559e-02 -4.953966787876471628e-02 5.482930337761239559e-02 1.749773538743485124e-01 1.989818673119900794e-01 -4.953966787876471628e-02 1.989818673119900794e-01 2.473679673273848356e-01
2.221780535159134373e-01 1.506799426602113967e-01 -7.423965253125568500e-03 1.506799426602113967e-01 1.857766837056188947e-01 1.401941754787462413e-01 -7.423965253125568500e-03 1.401941754787462413e-01 1.428924991297121361e-01
3.457729480598261129e-01 2.333492844678013711e-01 7.253405293012270792e-03 2.333492844678013711e-01 2.424558208070757559e-01 1.493882922598746832e-01 7.253405293012270792e-03 1.493882922598746832e-01 1.412093987989016253e-01
7.952730727922786569e-01 7.952439720100453746e-01 4.678385908893312184e-01 7.952439720100453746e-01 7.552837838821412353e-01 4.999168946490650800e-01 4.678385908893312184e-01 4.999168946490650800e-01 3.778059100946878357e-01
5.952635757718524046e-01 7.849589532251054491e-01 8.880621143184728172e-01 7.849589532251054491e-01 1.584036407137307811e-01 -1.169477247127026942e+00 8.880621143184728172e-01 -1.169477247127026942e+00 -5.287826104733142962e+00
-1.336642572099753512e-01 2.650416463220813257e-01 9.641791897133961120e-01 2.650416463220813257e-01 -3.946984400164744167e-01 -1.595315851236665639e+00 9.641791897133961120e-01 -1.595315851236665639e+00 -6.541689330740900310e+00
-5.596730404596876873e-01 -1.229040653453958160e-01 7.464804629674430814e-01 -1.229040653453958160e-01 -7.451817185230391605e-01 -1.741054130887836005e+00 7.464804629674430814e-01 -1.741054130887836005e+00 -6.380718646988722043e+00
-6.194159805478265390e-01 -3.730518431769910270e-01 1.557103315686130529e-01 -3.730518431769910270e-01 -8.616794977697959101e-01 -1.531233848298523048e+00 1.557103315686130529e-01 -1.531233848298523048e+00 -4.505996932224340057e+00
-7.078928256498215887e-01 -7.144197083922797509e-01 -6.084599269922057463e-01 -7.144197083922797509e-01 -3.176348663817126772e-01 5.924768192452802840e-01 -6.084599269922057463e-01 5.924768192452802840e-01 2.696186893248631478e+00
4.879101320318911306e+00 3.500686889058794549e+00 4.394388875475527256e-01 3.500686889058794549e+00 2.188338434499220941e+00 -3.805046011143133899e-01 4.394388875475527256e-01 -3.805046011143133899e-01 -1.695637006363174271e+00
2.171325318878578603e+00 1.208754922494075013e+00 -5.867658309836460973e-01 1.208754922494075013e+00 -2.884520699113057307e-01 -2.553939494333117732e+00 -5.867658309836460973e-01 -2.553939494333117732e+00 -5.235119180475751754e+00
-2.312533147252594290e+00 -1.754623648098327493e+00 -6.431401730322622301e-01 -1.754623648098327493e+00 -2.387412878969092489e+00 -2.899517013732217929e+00 -6.431401730322622301e-01 -2.899517013732217929e+00 -5.907930358198111520e+00
6.745727695976182492e-01 7.839909937415527885e-01 3.423680483380625028e-01 7.839909937415527885e-01 8.788207386565479728e-01 4.257771096591922433e-01 3.423680483380625028e-01 4.257771096591922433e-01 1.929624893882798398e-01
2.841607780491364754e-01 1.424243485796905961e+00 1.483645637158679476e+00 1.424243485796905961e+00 -7.681691838144849571e-01 -2.166453709362058611e+00 1.483645637158679476e+00 -2.166453709362058611e+00 -4.007661329158932695e+00
-5.658658990195944982e-01 1.039639779953025256e+00 1.734579397102143927e+00 1.039639779953025256e+00 -1.547591639893706406e+00 -2.763071734591219908e+00 1.734579397102143927e+00 -2.763071734591219908e+00 -4.908685884406371436e+00
-1.016259823181504762e+00 5.900921069197220259e-01 1.547106800375594782e+00 5.900921069197220259e-01 -1.928092331984326835e+00 -2.818286078077968604e+00 1.547106800375594782e+00 -2.818286078077968604e+00 -4.765430028771080018e+00
-8.773700839404857676e-01 7.547896845665412469e-02 7.845713397346073537e-01 7.547896845665412469e-02 -1.802452949022661510e+00 -2.210656669339151836e+00 7.845713397346073537e-01 -2.210656669339151836e+00 -3.345413958561188394e+00
-4.848065850960176504e-01 -1.060572534137103506e+00 -9.079608943817220057e-01 -1.060572534137103506e+00 2.249833181285211259e-01 1.142427202283013976e+00 -9.079608943817220057e-01 1.142427202283013976e+00 2.054384512825521814e+00
4.999732710402808422e+00 3.735699419446460112e+00 7.195980080680951518e-01 3.735699419446460112e+00 1.713990294352490507e+00 -6.533784218783044162e-01 7.195980080680951518e-01 -6.533784218783044162e-01 -1.291606842767991870e+00
2.191602100734061143e+00 1.603686410679996621e+00 3.089738829644225748e-01 1.603686410679996621e+00 -1.879657747743348484e+00 -3.202791481252313055e+00 3.089738829644225748e-01 -3.202791481252313055e+00 -3.880302651180155937e+00
-2.448532600714904195e+00 -1.142441351050053733e+00 3.125817648023999085e-01 -1.142441351050053733e+00 -3.922383195656530930e+00 -3.645597439230793047e+00 3.125817648023999085e-01 -3.645597439230793047e+00 -4.350226081713451265e+00
9.702022895740099184e-02 1.228969096303315391e-02 -3.041030996317535262e-01 1.228969096303315391e-02 6.994469338206145137e-01 2.410854198434460027e+00 -3.041030996317535262e-01 2.410854198434460027e+00 8.874731946684555339e+00
3.860846127988442067e-01 3.926766763642898228e-01 2.146928055845873651e-01 3.926766763642898228e-01 5.388801364984977527e-01 8.403753806791411929e-01 2.146928055845873651e-01 8.403753806791411929e-01 2.155623990560169290e+00
6.327668180506353934e-01 6.865826911606864869e-01 5.560119264907656955e-01 6.865826911606864869e-01 3.373201927174193093e-01 -5.285675071715633111e-01 5.560119264907656955e-01 -5.285675071715633111e-01 -3.069079505534363594e+00
3.010896729460804666e-01 4.362704423817291288e-01 5.728463060664893414e-01 4.362704423817291288e-01 -2.365790825758643662e-02 -1.028590126821078643e+00 5.728463060664893414e-01 -1.028590126821078643e+00 -4.588324761331563195e+00
-2.630377982333542697e-01 -5.578950327023879385e-02 3.611468306678276563e-01 -5.578950327023879385e-02 -3.987903886152122102e-01 -1.014949817838951995e+00 3.611468306678276563e-01 -1.014949817838951995e+00 -3.959796730260682907e+00
-6.648499774526049899e-01 -5.166198618696093980e-01 -1.457889892894232986e-01 -5.166198618696093980e-01 -5.130614456971726023e-01 -3.159677310706012765e-01 -1.457889892894232986e-01 -3.159677310706012765e-01 -6.537384409231089544e-01
-6.134927441521123015e-01 -6.176224883069526550e-01 -5.693687148812047738e-01 -6.176224883069526550e-01 7.766436348485308838e-02 1.607262307233453535e+00 -5.693687148812047738e-01 1.607262307233453535e+00 5.839370944897678051e+00
8.549489927108370191e-01 5.870174183065511864e-01 -1.151387830975504900e-01 5.870174183065511864e-01 9.006439415444471575e-01 1.439478174208772332e+00 -1.151387830975504900e-01 1.439478174208772332e+00 4.239554369686652890e+00
2.788525404536143615e+00 1.987312487831758068e+00 9.795099372753926503e-02 1.987312487831758068e+00 1.196410513579438506e+00 -4.125150027412957110e-01 9.795099372753926503e-02 -4.125150027412957110e-01 -1.338576910452803581e+00
9.752251926738483290e-01 6.015217575589351107e-01 -2.135510512374529934e-01 6.015217575589351107e-01 -1.477413887072500376e-01 -1.404819784867600063e+00 -2.135510512374529934e-01 -1.404819784867600063e+00 -3.379114925089136356e+00
-1.521193463709491489e+00 -1.117275690847478797e+00 -3.227722893681791994e-01 -1.117275690847478797e+00 -1.325975624266599207e+00 -1.446684370892005633e+00 -3.227722893681791994e-01 -1.446684370892005633e+00 -3.239769518687680705e+00
-1.148835108707543101e-01 8.555142213114503846e-01 8.956225519768015175e-01 8.555142213114503846e-01 -6.671960727174467420e-01 -1.243855926010204893e+00 8.956225519768015175e-01 -1.243855926010204893e+00 -1.891992293270796210e+00
-2.626973790669865361e-01 4.429990469012651810e-01 5.895937519837655127e-01 4.429990469012651810e-01 -5.598028877154987981e-01 -8.275554712538736313e-01 5.895937519837655127e-01 -8.275554712538736313e-01 -1.245098170257206371e+00
-8.567578550753063293e-02 -4.168841086089808412e-01 -3.666284569092724266e-01 -4.168841086089808412e-01 2.338485438924420012e-01 5.323982797290497393e-01 -3.666284569092724266e-01 5.323982797290497393e-01 7.307105555289418186e-01
4.977017234669324219e-01 -9.488703376797991140e-01 -1.248796979477230229e+00 -9.488703376797991140e-01 1.462648406531869449e+00 2.033811409539799886e+00 -1.248796979477230229e+00 2.033811409539799886e+00 2.717559244264790230e+00
1.036886185875089073e+00 2.619382131352061549e-01 -4.224384311237338596e-01 2.619382131352061549e-01 1.418440461447942669e+00 1.195930659074482039e+00 -4.224384311237338596e-01 1.195930659074482039e+00 1.359186998187419171e+00
1.129242778612008724e+00 1.371753234612831829e+00 5.782383561506705405e-01 1.371753234612831829e+00 5.159382482135734804e-01 -3.181001634017702751e-01 5.782383561506705405e-01 -3.181001634017702751e-01 -6.725173302765403704e-01
4.656806510652936743e-02 9.190825199050415284e-01 8.012775775821172619e-01 9.190825199050415284e-01 -5.614820885500951819e-01 -1.026409418322371092e+00 8.012775775821172619e-01 -1.026409418322371092e+00 -1.440585131738366220e+00
-1.030466609006248646e+00 -1.124267557605279216e-01 4.548892783548832419e-01 -1.124267557605279216e-01 -1.070143471502992272e+00 -8.922746349429705459e-01 4.548892783548832419e-01 -8.922746349429705459e-01 -1.100047830073583199e+00
-1.051527232836556358e+00 -1.005340078975176743e+00 -3.624894388111734034e-01 -1.005340078975176743e+00 -5.774987994096876243e-01 4.403208546337449014e-02 -3.624894388111734034e-01 4.403208546337449014e-02 2.084555393454528838e-01
-9.772951598049806066e-02 -1.195749160682012091e+00 -1.041162465366076262e+00 -1.195749160682012091e+00 7.504211580803178405e-01 1.318835066899051611e+00 -1.041162465366076262e+00 1.318835066899051611e+00 1.696496438173842547e+00
1.354386370356501557e+00 3.731720851232560587e-01 -3.563458487785885476e-01 3.731720851232560587e-01 1.632105688171187730e+00 1.289294737775625199e+00 -3.563458487785885476e-01 1.289294737775625199e+00 1.293395645654235704e+00
2.822052776238476723e-01 -4.955167233601796006e-01 -9.260659079990456455e-01 -4.955167233601796006e-01 3.328420873691100734e+00 4.716940564498671051e+00 -9.260659079990456455e-01 4.716940564498671051e+00 6.815559899048841963e+00
8.293011290014447034e-01 4.263171964986512963e-01 -2.571651380195730807e-01 4.263171964986512963e-01 9.076154360734947080e-01 7.740671249555258759e-01 -2.571651380195730807e-01 7.740671249555258759e-01 1.167355474690813688e+00
8.071921618919024599e-01 8.417728559356303375e-01 2.898272786114478583e-01 8.417728559356303375e-01 -9.234848660685723853e-01 -1.854279164326346541e+00 2.898272786114478583e-01 -1.854279164326346541e+00 -2.567249047646380511e+00
-3.051161616094960616e-01 3.441010760054883377e-01 6.573821248722392374e-01 3.441010760054883377e-01 -1.791884510507752992e+00 -2.453896082524960942e+00 6.573821248722392374e-01 -2.453896082524960942e+00 -3.590999514773677959e+00
-1.178733173113348132e+00 -2.079317794735413005e-01 7.252792577712477984e-01 -2.079317794735413005e-01 -1.905595722874067421e+00 -2.096638032414742003e+00 7.252792577712477984e-01 -2.096638032414742003e+00 -3.180128261896230768e+00
-1.174751641666879287e+00 -6.185811780229919510e-01 2.109779989326535932e-01 -6.185811780229919510e-01 -9.425709691970547421e-01 -5.814985477204211994e-01 2.109779989326535932e-01 -5.814985477204211994e-01 -9.013081483605617228e-01
-2.632759379166174640e-01 -8.313804364075907394e-01 -7.958033122602260478e-01 -8.313804364075907394e-01 2.006268888881296064e+00 3.077926211266138079e+00 -7.958033122602260478e-01 3.077926211266138079e+00 4.251601756472454419e+00
1.926460452379661126e+00 8.992817563366612976e-01 -4.836247635599982830e-01 8.992817563366612976e-01 3.347621463589518509e+00 3.227051068330127226e+00 -4.836247635599982830e-01 3.227051068330127226e+00 4.102532053008447477e+00
3.686388217151523872e+00 2.555157688129960469e+00 1.279414509595958593e-01 2.555157688129960469e+00 1.282802682754420331e+00 -4.259388199392668550e-01 1.279414509595958593e-01 -4.259388199392668550e-01 -6.165258142107333805e-01
4.016757776933478352e-01 7.481756657400382426e-01 5.316600801871996795e-01 7.481756657400382426e-01 -1.116707961136223615e+00 -1.789608540125911196e+00 5.316600801871996795e-01 -1.789608540125911196e+00 -2.451562666086349651e+00
-2.359139523021195561e+00 -7.443398735112969344e-01 8.311705313746097223e-01 -7.443398735112969344e-01 -2.092443926415966438e+00 -1.795313088456701234e+00 8.311705313746097223e-01 -1.795313088456701234e+00 -2.646643296375665866e+00
